0.000109739 0.000109739 0.000109739
0.000109739 0.000109739 0.000109739
0.000548697 0.000548697 0.000548697
0.00153635 0.00153635 0.00153635
0.00329218 0.00329218 0.00329218
0.00603567 0.00603567 0.00603567
0.00998628 0.00998628 0.00998628
0.0153635 0.0153635 0.0153635
0.0223868 0.0223868 0.0223868
0.0312757 0.0312757 0.0312757
0.0422497 0.0422497 0.0422497
0.0555281 0.0555281 0.0555281
0.000109739 0.000109739 0.000109739
0.000548697 0.000548697 0.000548697
0.00153635 0.00153635 0.00153635
0.00329218 0.00329218 0.00329218
0.00603567 0.00603567 0.00603567
0.00998628 0.00998628 0.00998628
0.0153635 0.0153635 0.0153635
0.0223868 0.0223868 0.0223868
0.0312757 0.0312757 0.0312757
0.0422497 0.0422497 0.0422497
0.0555281 0.0555281 0.0555281
0.000109739 0.000109739 0.000109739
0.000548697 0.000548697 0.000548697
0.00153635 0.00153635 0.00153635
0.00329218 0.00329218 0.00329218
0.00603567 0.00603567 0.00603567
0.00998628 0.00998628 0.00998628
0.0153635 0.0153635 0.0153635
0.0223868 0.0223868 0.0223868
0.0312757 0.0312757 0.0312757
0.0422497 0.0422497 0.0422497
0.0555281 0.0555281 0.0555281
0.000109739 0.000109739 0.000109739
0.000548697 0.000548697 0.000548697
0.00153635 0.00153635 0.00153635
0.00329218 0.00329218 0.00329218
0.00603567 0.00603567 0.00603567
0.00998628 0.00998628 0.00998628
0.0153635 0.0153635 0.0153635
0.0223868 0.0223868 0.0223868
0.0312757 0.0312757 0.0312757
0.0422497 0.0422497 0.0422497
0.0555281 0.0555281 0.0555281
0.000109739 0.000109739 0.000109739
0.000548697 0.000548697 0.000548697
0.00153635 0.00153635 0.00153635
0.00329218 0.00329218 0.00329218
0.00603567 0.00603567 0.00603567
0.00998628 0.00998628 0.00998628
0.0153635 0.0153635 0.0153635
0.0223868 0.0223868 0.0223868
0.0312757 0.0312757 0.0312757
0.0422497 0.0422497 0.0422497
0.0555281 0.0555281 0.0555281
0.000109739 0.000109739 0.000109739
0.000548697 0.000548697 0.000548697
0.00153635 0.00153635 0.00153635
0.00329218 0.00329218 0.00329218
0.00603567 0.00603567 0.00603567
0.00998628 0.00998628 0.00998628
0.0153635 0.0153635 0.0153635
0.0223868 0.0223868 0.0223868
0.0312757 0.0312757 0.0312757
0.0422497 0.0422497 0.0422497
0.0555281 0.0555281 0.0555281
0.000109739 0.000109739 0.000109739
0.000548697 0.000548697 0.000548697
0.00153635 0.00153635 0.00153635
0.00329218 0.00329218 0.00329218
0.00603567 0.00603567 0.00603567
0.00998628 0.00998628 0.00998628
0.0153635 0.0153635 0.0153635
0.0223868 0.0223868 0.0223868
0.0312757 0.0312757 0.0312757
0.0422497 0.0422497 0.0422497
0.0555281 0.0555281 0.0555281
0.000109739 0.000109739 0.000109739
0.000548697 0.000548697 0.000548697
0.00153635 0.00153635 0.00153635
0.00329218 0.00329218 0.00329218
0.00603567 0.00603567 0.00603567
0.00998628 0.00998628 0.00998628
0.0153635 0.0153635 0.0153635
0.0223868 0.0223868 0.0223868
0.0312757 0.0312757 0.0312757
0.0422497 0.0422497 0.0422497
0.0555281 0.0555281 0.0555281
0.0555281 0.0555281 0.0555281
